10
      0  14855   7717  29016  23940  31329   1943  23746  11854  12335
  14855      0  18927  21941  16839  16401  27547  27638  16235  28459
   7717  18927      0  10883  32228   1013  32725  30186  23232   2667
  29016  21941  10883      0   1683  16277  24397  26202   2887  26672
  23940  16839  32228   1683      0  16537  13155  19109  19181  31002
  31329  16401   1013  16277  16537      0   7670  11240  11374   3068
   1943  27547  32725  24397  13155   7670      0  26974  16067   4325
  23746  27638  30186  26202  19109  11240  26974      0   4794   5886
  11854  16235  23232   2887  19181  11374  16067   4794      0  21915
  12335  28459   2667  26672  31002   3068   4325   5886  21915      0