10
00 38 07 48 49 67 06 05 21 66
38 00 76 36 44 65 68 70 83 93
07 76 00 41 49 67 53 94 28 22
48 36 41 00 05 79 86 76 83 29
49 44 49 05 00 94 58 14 01 79
67 65 67 79 94 00 42 24 20 82
06 68 53 86 58 42 00 20 90 69
05 70 94 76 14 24 20 00 47 05
21 83 28 83 01 20 90 47 00 92
66 93 22 29 79 82 69 05 92 00